[array([ 0.00000000e+00, -1.45799022e-12, -2.28980078e-13,  4.62010753e-11,
       -1.75214813e-10, -1.83669770e-15,  8.52944060e-16,  2.29423303e-05,
       -2.04721003e-06, -1.59792834e-08,  9.98214034e-10]), array([-1.83556846,  1.13048815,  2.19335513, -8.92378384, -0.752369  ,
        2.04148373, -0.34662276,  2.57420289, -6.4254828 , -0.73483247,
       -5.41116202]), array([-4.54253501,  9.85725495, -5.56820242, -1.24456252,  5.52386078,
       -2.20248754, -1.46642656,  9.03929571,  8.18719714,  2.73656428,
        0.99351546]), array([-4.26229962,  0.25554976,  1.88014083,  6.38343918, -4.45068283,
        3.81084503,  2.75429012,  2.70198373, -3.45005408,  0.55226157,
       -2.10819728]), array([ 1.54920555,  0.95766658,  0.76311668, -6.49571656, -3.87794848,
       -3.81680577, -8.16085131, -7.2104542 ,  9.0275058 , -1.79546232,
       -4.03819089]), array([-5.06917324, -0.73710023,  5.8924942 , -5.66587041,  5.66313646,
        5.36066539,  9.56732695,  8.51343947, -6.16939914,  2.64519346,
        6.697679  ]), array([ 7.06795111,  0.13897135, -8.23069809, -3.44903927,  8.26513774,
        5.36890629, -8.92169364, -8.43975214,  8.33865274, -3.1975539 ,
        8.3441269 ]), array([-9.90248305,  7.29921937, -0.58442048, -8.87237902,  1.91600398,
       -8.23919196, -4.86016162,  8.05562111,  3.1414313 , -3.44770697,
        0.69453743])]
[array([ 0.00000000e+00, -1.45799022e-12, -2.28980078e-13,  4.62010753e-11,
       -1.75214813e-10, -1.83669770e-15,  8.52944060e-16,  2.29423303e-05,
       -2.04721003e-06, -1.59792834e-08,  9.98214034e-10]), array([ 0.00000000e+00, -1.45799022e-12, -2.28980078e-13,  4.62010753e-11,
       -1.75214813e-10, -1.83669770e-15,  8.52944060e-16,  2.29423303e-05,
       -2.04721003e-06, -1.59792834e-08,  9.98214034e-10]), array([ 0.00000000e+00, -1.45799022e-12, -2.28980078e-13,  4.62010753e-11,
       -1.75214813e-10, -1.83669770e-15,  8.52944060e-16,  2.29423303e-05,
       -2.04721003e-06, -1.59792834e-08,  9.98214034e-10]), array([ 0.00000000e+00, -1.45799022e-12, -2.28980078e-13,  4.62010753e-11,
       -1.75214813e-10, -1.83669770e-15,  8.52944060e-16,  2.29423303e-05,
       -2.04721003e-06, -1.59792834e-08,  6.94537434e-01]), array([-1.83556846,  1.13048815,  2.19335513, -8.92378384, -0.752369  ,
        2.04148373, -0.34662276,  2.57420289, -6.4254828 , -0.73483247,
       -5.41116202]), array([-9.90248305,  7.29921937, -0.58442048, -8.87237902,  1.91600398,
       -8.23919196, -4.86016162,  8.05562111,  3.1414313 , -3.44770697,
        0.69453743]), array([-9.90248305,  7.29921937, -0.58442048, -8.87237902,  1.91600398,
       -8.23919196, -4.86016162,  8.05562111,  3.1414313 , -3.44770697,
        0.69453743]), array([-9.90248305e+00,  7.29921937e+00, -5.84420477e-01, -8.87237902e+00,
        1.91600398e+00, -8.23919196e+00, -4.86016162e+00,  8.05562111e+00,
        3.14143130e+00, -3.44770697e+00,  9.98214034e-10])]
[array([ 0.00000000e+00, -1.45799022e-12, -2.28980078e-13, -2.18641775e+00,
       -1.75214813e-10, -1.83669770e-15,  8.52944060e-16,  2.29423303e-05,
       -2.04721003e-06, -1.59792834e-08,  9.98214034e-10]), array([ 0.00000000e+00, -1.45799022e-12, -2.28980078e-13,  4.62010753e-11,
       -1.75214813e-10, -1.83669770e-15,  8.52944060e-16,  2.29423303e-05,
       -2.04721003e-06, -1.59792834e-08,  9.98214034e-10]), array([ 0.00000000e+00, -1.45799022e-12, -2.28980078e-13,  4.62010753e-11,
       -1.75214813e-10, -1.83669770e-15,  8.52944060e-16,  2.29423303e-05,
       -2.04721003e-06, -1.59792834e-08,  9.98214034e-10]), array([-9.90248305e+00,  7.29921937e+00, -5.84420477e-01, -8.87237902e+00,
       -1.75214813e-10, -1.83669770e-15,  8.52944060e-16,  2.29423303e-05,
       -2.04721003e-06, -1.59792834e-08,  9.98214034e-10]), array([-9.90248305e+00,  7.29921937e+00, -2.28980078e-13,  4.62010753e-11,
       -1.75214813e-10, -1.83669770e-15,  8.52944060e-16,  2.29423303e-05,
       -2.04721003e-06, -1.59792834e-08,  2.21258965e+00]), array([ 0.00000000e+00, -1.45799022e-12, -2.28980078e-13,  4.62010753e-11,
       -1.75214813e-10, -1.83669770e-15,  8.52944060e-16,  2.29423303e-05,
       -2.04721003e-06, -1.59792834e-08,  4.05858968e+00]), array([ 0.00000000e+00, -1.45799022e-12,  3.07430730e-01,  4.62010753e-11,
        1.91600398e+00, -8.23919196e+00, -4.86016162e+00,  8.05562111e+00,
        3.14143130e+00, -3.44770697e+00,  9.98214034e-10]), array([ 0.00000000e+00, -1.45799022e-12, -5.84420477e-01, -8.87237902e+00,
       -7.72511037e+00, -8.23919196e+00, -4.86016162e+00,  8.05562111e+00,
        3.14143130e+00, -3.44770697e+00,  9.98214034e-10])]
[array([ 0.00000000e+00, -1.45799022e-12, -2.28980078e-13, -2.18641775e+00,
       -1.75214813e-10, -1.83669770e-15,  8.52944060e-16,  2.29423303e-05,
       -2.04721003e-06, -1.59792834e-08,  9.98214034e-10]), array([ 0.00000000e+00, -1.45799022e-12, -2.28980078e-13, -2.18641775e+00,
       -1.75214813e-10, -1.83669770e-15,  8.52944060e-16,  2.29423303e-05,
       -2.04721003e-06, -1.59792834e-08,  9.98214034e-10]), array([ 0.00000000e+00, -1.45799022e-12, -2.28980078e-13, -2.18641775e+00,
       -1.75214813e-10, -1.83669770e-15,  8.52944060e-16,  2.29423303e-05,
       -2.04721003e-06, -1.59792834e-08,  9.98214034e-10]), array([ 0.00000000e+00, -1.45799022e-12, -2.28980078e-13, -2.18641775e+00,
       -1.75214813e-10, -1.83669770e-15,  8.52944060e-16,  2.29423303e-05,
       -2.04721003e-06, -1.59792834e-08,  9.98214034e-10]), array([ 0.00000000e+00, -1.45799022e-12, -2.28980078e-13, -2.18641775e+00,
       -1.75214813e-10, -1.83669770e-15,  8.52944060e-16,  2.29423303e-05,
       -2.04721003e-06, -1.59792834e-08,  9.98214034e-10]), array([ 0.00000000e+00, -1.45799022e-12, -2.28980078e-13,  4.62010753e-11,
       -1.75214813e-10, -1.83669770e-15,  8.52944060e-16,  2.29423303e-05,
       -2.04721003e-06, -1.59792834e-08,  9.98214034e-10]), array([ 0.00000000e+00, -1.45799022e-12, -2.28980078e-13, -2.18641775e+00,
       -1.75214813e-10, -1.83669770e-15,  8.52944060e-16, -9.24333961e+00,
       -2.04721003e-06, -1.59792834e-08,  9.98214034e-10]), array([ 0.00000000e+00, -1.45799022e-12, -2.28980078e-13, -2.18641775e+00,
       -1.75214813e-10, -1.83669770e-15,  8.52944060e-16,  2.29423303e-05,
       -2.04721003e-06, -1.59792834e-08, -1.76191553e-02])]
[array([ 0.00000000e+00, -1.45799022e-12, -2.28980078e-13, -2.18641775e+00,
       -1.75214813e-10, -1.83669770e-15,  8.52944060e-16,  2.29423303e-05,
       -2.04721003e-06, -1.59792834e-08,  9.98214034e-10]), array([ 0.00000000e+00, -1.45799022e-12, -2.28980078e-13, -2.18641775e+00,
       -1.75214813e-10, -1.83669770e-15,  8.52944060e-16,  2.29423303e-05,
       -2.04721003e-06, -1.59792834e-08,  9.98214034e-10]), array([ 0.00000000e+00, -1.45799022e-12, -2.28980078e-13, -2.18641775e+00,
       -1.75214813e-10, -1.83669770e-15,  8.52944060e-16,  2.29423303e-05,
       -2.04721003e-06, -1.59792834e-08,  9.98214034e-10]), array([ 0.00000000e+00, -1.45799022e-12, -2.28980078e-13, -2.18641775e+00,
       -1.75214813e-10, -1.83669770e-15,  8.52944060e-16,  2.29423303e-05,
       -2.04721003e-06, -1.59792834e-08,  9.98214034e-10]), array([ 0.00000000e+00, -1.45799022e-12, -2.28980078e-13, -2.18641775e+00,
       -1.75214813e-10, -1.83669770e-15,  8.52944060e-16,  2.29423303e-05,
       -2.04721003e-06, -1.59792834e-08,  9.98214034e-10]), array([ 0.00000000e+00, -1.45799022e-12, -2.28980078e-13, -2.18641775e+00,
       -1.75214813e-10, -1.83669770e-15,  8.52944060e-16,  2.29423303e-05,
       -2.04721003e-06, -1.59792834e-08,  9.98214034e-10]), array([ 0.00000000e+00, -1.45799022e-12, -2.28980078e-13, -2.18641775e+00,
       -1.75214813e-10, -1.83669770e-15,  8.52944060e-16,  2.29423303e-05,
       -7.20160455e+00, -1.59792834e-08,  9.98214034e-10]), array([ 0.00000000e+00, -1.45799022e-12, -2.28980078e-13, -2.18641775e+00,
       -1.75214813e-10, -1.83669770e-15,  8.52944060e-16,  2.29423303e-05,
       -2.04721003e-06, -1.59792834e-08,  2.21957773e+00])]
[array([ 0.00000000e+00, -1.45799022e-12, -2.28980078e-13, -2.18641775e+00,
       -1.75214813e-10, -1.83669770e-15,  8.52944060e-16,  2.29423303e-05,
       -2.04721003e-06, -1.59792834e-08,  9.98214034e-10]), array([ 0.00000000e+00, -1.45799022e-12, -2.28980078e-13, -2.18641775e+00,
       -1.75214813e-10, -1.83669770e-15,  8.52944060e-16,  2.29423303e-05,
       -2.04721003e-06, -1.59792834e-08,  9.98214034e-10]), array([ 0.00000000e+00, -1.45799022e-12, -2.28980078e-13, -2.18641775e+00,
       -1.75214813e-10, -1.83669770e-15,  8.52944060e-16,  2.29423303e-05,
       -2.04721003e-06, -1.59792834e-08,  9.98214034e-10]), array([ 0.00000000e+00, -1.45799022e-12, -2.28980078e-13, -2.18641775e+00,
       -1.75214813e-10, -1.83669770e-15,  8.52944060e-16,  2.29423303e-05,
       -2.04721003e-06, -1.59792834e-08,  9.98214034e-10]), array([ 0.00000000e+00, -1.45799022e-12, -2.28980078e-13, -2.18641775e+00,
       -1.75214813e-10, -1.83669770e-15,  8.52944060e-16,  2.29423303e-05,
       -2.04721003e-06, -1.59792834e-08,  9.98214034e-10]), array([ 0.00000000e+00, -1.45799022e-12, -2.28980078e-13, -2.18641775e+00,
       -1.75214813e-10, -1.83669770e-15,  8.52944060e-16,  2.29423303e-05,
       -2.04721003e-06, -1.59792834e-08,  9.98214034e-10]), array([ 0.00000000e+00, -3.07043090e+00, -2.28980078e-13, -2.18641775e+00,
       -1.75214813e-10, -1.83669770e-15,  8.52944060e-16,  2.29423303e-05,
       -2.04721003e-06, -1.59792834e-08,  9.98214034e-10]), array([ 0.00000000e+00, -1.45799022e-12, -2.28980078e-13, -2.18641775e+00,
       -1.75214813e-10, -1.83669770e-15,  8.52944060e-16,  2.29423303e-05,
       -2.04721003e-06, -1.59792834e-08, -4.56307855e+00])]
[array([ 0.00000000e+00, -1.45799022e-12, -2.28980078e-13, -2.18641775e+00,
       -1.75214813e-10, -1.83669770e-15,  8.52944060e-16,  2.29423303e-05,
       -2.04721003e-06, -1.59792834e-08,  9.98214034e-10]), array([ 0.00000000e+00, -1.45799022e-12, -2.28980078e-13, -2.18641775e+00,
       -1.75214813e-10, -1.83669770e-15,  8.52944060e-16,  2.29423303e-05,
       -2.04721003e-06, -1.59792834e-08,  9.98214034e-10]), array([ 0.00000000e+00, -1.45799022e-12, -2.28980078e-13, -2.18641775e+00,
       -1.75214813e-10, -1.83669770e-15,  8.52944060e-16,  2.29423303e-05,
       -2.04721003e-06, -1.59792834e-08,  9.98214034e-10]), array([ 0.00000000e+00, -1.45799022e-12, -2.28980078e-13, -2.18641775e+00,
       -1.75214813e-10, -1.83669770e-15,  8.52944060e-16,  2.29423303e-05,
       -2.04721003e-06, -1.59792834e-08,  9.98214034e-10]), array([ 0.00000000e+00, -1.45799022e-12, -2.28980078e-13, -2.18641775e+00,
       -1.75214813e-10, -1.83669770e-15,  8.52944060e-16,  2.29423303e-05,
       -2.04721003e-06, -1.59792834e-08,  9.98214034e-10]), array([ 0.00000000e+00, -1.45799022e-12, -2.28980078e-13, -2.18641775e+00,
       -1.75214813e-10, -1.83669770e-15,  8.52944060e-16,  2.29423303e-05,
       -2.04721003e-06, -1.59792834e-08,  9.98214034e-10]), array([-3.10738650e+00, -3.07043090e+00, -2.28980078e-13, -2.18641775e+00,
       -1.75214813e-10, -1.83669770e-15,  8.52944060e-16,  2.29423303e-05,
       -2.04721003e-06, -1.59792834e-08,  9.98214034e-10]), array([ 0.00000000e+00, -1.45799022e-12, -2.28980078e-13, -2.18641775e+00,
       -1.75214813e-10, -1.83669770e-15,  8.52944060e-16,  2.29423303e-05,
       -2.04721003e-06, -1.59792834e-08, -4.56307855e+00])]
[array([ 0.00000000e+00, -1.45799022e-12, -6.45215453e+00, -2.18641775e+00,
       -1.75214813e-10, -1.83669770e-15,  8.52944060e-16,  2.29423303e-05,
       -2.04721003e-06, -1.59792834e-08,  9.98214034e-10]), array([ 0.00000000e+00, -1.45799022e-12, -2.28980078e-13, -2.18641775e+00,
       -1.75214813e-10, -1.83669770e-15,  8.52944060e-16,  2.29423303e-05,
       -2.04721003e-06, -1.59792834e-08,  9.98214034e-10]), array([ 0.00000000e+00, -1.45799022e-12, -2.28980078e-13, -2.18641775e+00,
       -1.75214813e-10, -1.83669770e-15,  8.52944060e-16,  2.29423303e-05,
       -2.04721003e-06, -1.59792834e-08,  9.98214034e-10]), array([ 0.00000000e+00, -1.45799022e-12, -2.28980078e-13, -2.18641775e+00,
       -1.75214813e-10, -1.83669770e-15,  8.52944060e-16,  2.29423303e-05,
       -2.04721003e-06, -1.59792834e-08,  9.98214034e-10]), array([ 0.00000000e+00, -1.45799022e-12, -2.28980078e-13, -2.18641775e+00,
       -1.75214813e-10, -1.83669770e-15,  8.52944060e-16,  2.29423303e-05,
       -2.04721003e-06, -1.59792834e-08,  9.98214034e-10]), array([ 0.00000000e+00, -1.45799022e-12, -2.28980078e-13, -2.18641775e+00,
       -1.75214813e-10, -1.83669770e-15,  8.52944060e-16,  2.29423303e-05,
       -2.04721003e-06, -1.59792834e-08,  9.98214034e-10]), array([ 0.00000000e+00, -1.45799022e-12, -2.28980078e-13, -2.18641775e+00,
       -1.75214813e-10, -1.83669770e-15,  8.52944060e-16,  2.29423303e-05,
       -2.04721003e-06, -1.59792834e-08,  9.98214034e-10]), array([-3.10738650e+00, -3.07043090e+00, -2.28980078e-13, -2.18641775e+00,
       -1.75214813e-10, -1.83669770e-15,  8.52944060e-16,  2.29423303e-05,
       -2.04721003e-06, -1.59792834e-08,  9.98214034e-10])]
343841643520.0
381807315968.0
343841643520.0 [ 0.00000000e+00 -1.45799022e-12 -6.45215453e+00 -2.18641775e+00
 -1.75214813e-10 -1.83669770e-15  8.52944060e-16  2.29423303e-05
 -2.04721003e-06 -1.59792834e-08  9.98214034e-10]
