[array([ 0.00000000e+00, -1.45799022e-12, -2.28980078e-13,  4.62010753e-11,
       -1.75214813e-10, -1.83669770e-15,  8.52944060e-16,  2.29423303e-05,
       -2.04721003e-06, -1.59792834e-08,  9.98214034e-10]), array([-7.69432785, -8.2067989 ,  0.1384859 ,  7.2173493 ,  6.46907517,
        0.94374479, -1.02857208, -2.02767989, -1.11938533,  1.019016  ,
        3.41615998]), array([-3.47088291,  7.05624639, -5.46107765,  8.44013852,  2.83310193,
       -2.98044467, -8.42643382, -0.92034207, -8.31148686, -1.13144312,
        2.12500607]), array([ 8.5073882 ,  6.509043  ,  3.29592064,  4.84216377,  6.0103526 ,
        3.83015293,  5.16052407, -0.46584676,  8.86064547, -8.12378783,
       -7.83770938]), array([ 2.98863103, -1.19458604,  1.5831688 ,  3.54132308, -3.548739  ,
       -4.76992564, -2.49038259,  4.2968335 , -3.89859147, -5.89861557,
        8.89413912]), array([-2.27938542, -4.37993119, -5.35116841,  5.15310735,  9.47888506,
        5.9989998 ,  3.01069302, -0.13046886,  6.52930174,  4.82368368,
        5.94462729]), array([ 9.43066294, -8.18724987,  9.23776573,  6.06750714, -8.63339513,
       -8.46131172, -3.73297225,  8.55622805, -6.06068918,  3.72948125,
       -2.46071585]), array([-1.69318087,  6.06095586, -3.69185599, -8.04221034,  5.22321171,
       -9.6025687 ,  3.86859374, -8.32320814, -6.20140438, -6.96564614,
        0.62311918])]
[array([ 0.00000000e+00, -1.45799022e-12, -2.28980078e-13,  4.62010753e-11,
       -1.75214813e-10, -1.83669770e-15,  8.52944060e-16,  2.29423303e-05,
       -2.04721003e-06, -1.59792834e-08,  9.98214034e-10]), array([ 0.00000000e+00, -1.45799022e-12, -2.28980078e-13,  4.62010753e-11,
       -1.75214813e-10, -1.83669770e-15,  8.52944060e-16,  2.29423303e-05,
       -2.04721003e-06, -1.59792834e-08,  9.98214034e-10]), array([ 0.00000000e+00, -1.45799022e-12, -2.28980078e-13,  4.62010753e-11,
       -1.75214813e-10, -1.83669770e-15,  8.52944060e-16,  2.29423303e-05,
       -2.04721003e-06, -1.59792834e-08,  9.98214034e-10]), array([ 0.00000000e+00, -1.45799022e-12, -2.28980078e-13,  4.62010753e-11,
       -1.75214813e-10, -1.83669770e-15,  8.52944060e-16, -5.81607570e+00,
       -2.04721003e-06, -1.59792834e-08,  9.98214034e-10]), array([ 0.00000000e+00, -1.45799022e-12, -2.28980078e-13,  4.62010753e-11,
       -1.75214813e-10, -1.83669770e-15,  8.52944060e-16,  2.29423303e-05,
       -9.84324253e+00, -1.59792834e-08,  9.98214034e-10]), array([ 0.00000000e+00, -1.45799022e-12, -2.28980078e-13,  4.62010753e-11,
       -1.75214813e-10, -1.83669770e-15,  8.52944060e-16,  2.29423303e-05,
       -2.04721003e-06, -1.59792834e-08,  6.23119179e-01]), array([-7.69432785, -8.2067989 ,  0.1384859 ,  7.2173493 ,  6.46907517,
        0.94374479, -1.02857208, -2.02767989, -1.11938533,  1.019016  ,
        3.41615998]), array([-1.69318087e+00,  6.06095586e+00, -3.69185599e+00, -8.04221034e+00,
        5.22321171e+00, -9.60256870e+00,  3.86859374e+00, -8.32320814e+00,
       -6.20140438e+00, -6.96564614e+00,  9.98214034e-10])]
[array([ 0.00000000e+00, -1.45799022e-12, -2.28980078e-13,  4.62010753e-11,
       -1.75214813e-10, -1.83669770e-15,  8.52944060e-16,  2.29423303e-05,
       -2.04721003e-06, -1.59792834e-08,  9.98214034e-10]), array([ 0.00000000e+00, -1.45799022e-12, -2.28980078e-13,  4.62010753e-11,
       -1.75214813e-10, -1.83669770e-15,  8.52944060e-16,  2.29423303e-05,
       -2.04721003e-06, -1.59792834e-08,  9.98214034e-10]), array([ 0.00000000e+00, -1.45799022e-12, -2.28980078e-13,  4.62010753e-11,
       -1.75214813e-10, -1.83669770e-15,  8.52944060e-16,  2.29423303e-05,
       -2.04721003e-06, -1.59792834e-08,  9.98214034e-10]), array([ 0.00000000e+00, -1.45799022e-12, -2.28980078e-13,  4.62010753e-11,
       -1.75214813e-10, -1.83669770e-15,  8.52944060e-16,  2.29423303e-05,
       -2.04721003e-06, -1.59792834e-08,  9.98214034e-10]), array([ 0.00000000e+00, -1.45799022e-12, -2.28980078e-13,  4.62010753e-11,
       -1.75214813e-10, -1.83669770e-15,  8.52944060e-16,  2.29423303e-05,
       -2.04721003e-06, -1.59792834e-08,  9.98214034e-10]), array([ 0.00000000e+00, -1.45799022e-12, -2.28980078e-13,  4.62010753e-11,
       -1.75214813e-10, -1.83669770e-15,  8.52944060e-16,  2.29423303e-05,
       -2.04721003e-06, -1.59792834e-08,  9.98214034e-10]), array([ 0.00000000e+00, -1.45799022e-12, -2.28980078e-13,  4.62010753e-11,
       -1.75214813e-10, -1.83669770e-15,  8.52944060e-16,  2.29423303e-05,
       -2.04721003e-06, -1.59792834e-08,  9.98214034e-10]), array([ 0.00000000e+00, -1.45799022e-12, -2.28980078e-13,  4.62010753e-11,
       -1.75214813e-10, -1.97718351e+00,  8.52944060e-16,  2.29423303e-05,
       -2.04721003e-06, -1.59792834e-08,  9.98214034e-10])]
[array([ 0.00000000e+00, -1.45799022e-12, -2.28980078e-13,  4.62010753e-11,
       -1.75214813e-10, -1.83669770e-15,  8.52944060e-16,  2.29423303e-05,
       -2.04721003e-06, -1.59792834e-08,  9.98214034e-10]), array([ 0.00000000e+00, -1.45799022e-12, -2.28980078e-13,  4.62010753e-11,
       -1.75214813e-10, -1.83669770e-15,  8.52944060e-16,  2.29423303e-05,
       -2.04721003e-06, -1.59792834e-08,  9.98214034e-10]), array([ 0.00000000e+00, -1.45799022e-12, -2.28980078e-13,  4.62010753e-11,
       -1.75214813e-10, -1.83669770e-15,  8.52944060e-16,  2.29423303e-05,
       -2.04721003e-06, -1.59792834e-08,  9.98214034e-10]), array([ 0.00000000e+00, -1.45799022e-12, -2.28980078e-13,  4.62010753e-11,
       -1.75214813e-10, -1.83669770e-15,  8.52944060e-16,  2.29423303e-05,
       -2.04721003e-06, -1.59792834e-08,  9.98214034e-10]), array([ 0.00000000e+00, -1.45799022e-12, -2.28980078e-13,  4.62010753e-11,
       -1.75214813e-10, -1.83669770e-15,  8.52944060e-16,  2.29423303e-05,
       -2.04721003e-06, -1.59792834e-08,  9.98214034e-10]), array([ 0.00000000e+00, -1.45799022e-12, -2.28980078e-13,  4.62010753e-11,
       -2.52850699e+00, -1.83669770e-15,  8.52944060e-16,  2.29423303e-05,
       -2.04721003e-06, -1.59792834e-08,  9.98214034e-10]), array([ 0.00000000e+00, -1.45799022e-12, -2.28980078e-13,  4.62010753e-11,
       -6.52755340e+00, -1.83669770e-15,  8.52944060e-16,  2.29423303e-05,
       -2.04721003e-06, -1.59792834e-08,  9.98214034e-10]), array([ 0.00000000e+00, -1.45799022e-12, -2.28980078e-13,  4.62010753e-11,
        9.20449292e+00, -1.83669770e-15,  8.52944060e-16,  2.29423303e-05,
       -2.04721003e-06, -1.59792834e-08,  9.98214034e-10])]
[array([ 0.00000000e+00, -1.45799022e-12, -2.46058360e+00,  4.62010753e-11,
       -1.75214813e-10, -1.83669770e-15,  8.52944060e-16,  2.29423303e-05,
       -2.04721003e-06, -1.59792834e-08,  9.98214034e-10]), array([ 0.00000000e+00, -1.45799022e-12, -2.28980078e-13,  4.62010753e-11,
       -1.75214813e-10, -1.83669770e-15,  8.52944060e-16,  2.29423303e-05,
       -2.04721003e-06, -1.59792834e-08,  9.98214034e-10]), array([ 0.00000000e+00, -1.45799022e-12, -2.28980078e-13,  4.62010753e-11,
       -1.75214813e-10, -1.83669770e-15,  8.52944060e-16,  2.29423303e-05,
       -2.04721003e-06, -1.59792834e-08,  9.98214034e-10]), array([ 0.00000000e+00, -1.45799022e-12, -2.28980078e-13,  4.62010753e-11,
       -1.75214813e-10, -1.83669770e-15,  8.52944060e-16,  2.29423303e-05,
       -2.04721003e-06, -1.59792834e-08,  9.98214034e-10]), array([ 0.00000000e+00, -1.45799022e-12, -2.28980078e-13,  4.62010753e-11,
       -1.75214813e-10, -1.83669770e-15,  8.52944060e-16,  2.29423303e-05,
       -2.04721003e-06, -1.59792834e-08,  9.98214034e-10]), array([ 0.00000000e+00, -1.45799022e-12, -2.28980078e-13,  4.62010753e-11,
       -2.52850699e+00, -1.83669770e-15,  8.52944060e-16,  2.29423303e-05,
       -2.04721003e-06, -1.59792834e-08,  9.98214034e-10]), array([ 0.00000000e+00, -1.45799022e-12, -2.28980078e-13,  4.62010753e-11,
       -1.75214813e-10, -1.83669770e-15,  8.52944060e-16,  2.29423303e-05,
        3.83182543e+00, -1.59792834e-08,  9.98214034e-10]), array([ 0.00000000e+00, -1.45799022e-12, -2.28980078e-13,  4.62010753e-11,
       -2.52850699e+00, -1.83669770e-15,  8.52944060e-16,  2.29423303e-05,
       -2.04721003e-06,  5.06834377e-01,  9.98214034e-10])]
[array([ 0.00000000e+00, -1.45799022e-12, -2.46058360e+00,  4.62010753e-11,
       -1.75214813e-10, -1.83669770e-15,  8.52944060e-16,  2.29423303e-05,
       -2.04721003e-06, -1.59792834e-08,  9.98214034e-10]), array([ 0.00000000e+00, -1.45799022e-12, -2.28980078e-13,  4.62010753e-11,
       -1.75214813e-10, -1.83669770e-15,  8.52944060e-16,  2.29423303e-05,
       -2.04721003e-06, -1.59792834e-08,  9.98214034e-10]), array([ 0.00000000e+00, -1.45799022e-12, -2.28980078e-13,  4.62010753e-11,
       -1.75214813e-10, -1.83669770e-15,  8.52944060e-16,  2.29423303e-05,
       -2.04721003e-06, -1.59792834e-08,  9.98214034e-10]), array([ 0.00000000e+00, -1.45799022e-12, -2.28980078e-13,  4.62010753e-11,
       -1.75214813e-10, -1.83669770e-15,  8.52944060e-16,  2.29423303e-05,
       -2.04721003e-06, -1.59792834e-08,  9.98214034e-10]), array([ 0.00000000e+00, -1.45799022e-12,  5.44759899e+00,  4.62010753e-11,
       -1.75214813e-10, -1.83669770e-15,  8.52944060e-16,  2.29423303e-05,
       -2.04721003e-06, -1.59792834e-08,  9.98214034e-10]), array([ 4.89104204e+00, -1.45799022e-12, -2.28980078e-13,  4.62010753e-11,
       -2.52850699e+00, -1.83669770e-15,  8.52944060e-16,  2.29423303e-05,
       -2.04721003e-06, -1.59792834e-08,  9.98214034e-10]), array([ 0.00000000e+00, -1.45799022e-12, -2.28980078e-13,  4.62010753e-11,
       -2.52850699e+00, -1.83669770e-15,  8.52944060e-16,  2.29423303e-05,
       -2.04721003e-06, -2.21597366e+00,  9.98214034e-10]), array([ 0.00000000e+00, -1.45799022e-12, -2.28980078e-13,  4.62010753e-11,
       -2.52850699e+00, -1.83669770e-15,  8.52944060e-16,  2.29423303e-05,
       -2.04721003e-06,  9.99804337e+00,  9.98214034e-10])]
[array([ 0.00000000e+00, -1.45799022e-12, -2.46058360e+00,  4.62010753e-11,
       -1.75214813e-10, -1.83669770e-15,  8.52944060e-16,  2.29423303e-05,
       -2.04721003e-06, -1.59792834e-08,  9.98214034e-10]), array([ 0.00000000e+00, -1.45799022e-12, -2.28980078e-13,  4.62010753e-11,
       -1.75214813e-10, -1.83669770e-15,  8.52944060e-16,  2.29423303e-05,
       -2.04721003e-06, -1.59792834e-08,  9.98214034e-10]), array([ 0.00000000e+00, -1.45799022e-12, -2.28980078e-13,  4.62010753e-11,
       -1.75214813e-10, -1.83669770e-15,  8.52944060e-16,  2.29423303e-05,
       -2.04721003e-06, -1.59792834e-08,  9.98214034e-10]), array([ 0.00000000e+00, -1.45799022e-12, -2.28980078e-13,  4.62010753e-11,
       -1.75214813e-10, -1.83669770e-15,  8.52944060e-16,  2.29423303e-05,
       -2.04721003e-06, -1.59792834e-08,  9.98214034e-10]), array([ 0.00000000e+00, -1.45799022e-12, -2.28980078e-13,  4.62010753e-11,
       -1.75214813e-10, -1.83669770e-15,  8.52944060e-16,  2.29423303e-05,
       -2.04721003e-06, -1.59792834e-08,  9.98214034e-10]), array([ 4.89104204e+00, -1.45799022e-12, -2.28980078e-13,  4.62010753e-11,
       -2.52850699e+00, -1.83669770e-15,  8.52944060e-16,  2.29423303e-05,
       -2.04721003e-06, -1.59792834e-08,  9.98214034e-10]), array([ 0.00000000e+00, -1.45799022e-12, -2.28980078e-13,  4.62010753e-11,
       -2.52850699e+00, -1.83669770e-15,  8.52944060e-16,  2.29423303e-05,
       -2.04721003e-06, -1.59792834e-08,  9.98214034e-10]), array([ 0.00000000e+00, -1.45799022e-12, -2.28980078e-13,  4.62010753e-11,
       -1.75214813e-10, -1.83669770e-15,  8.52944060e-16,  2.29423303e-05,
       -2.04721003e-06,  9.99804337e+00,  9.98214034e-10])]
[array([ 0.00000000e+00, -1.45799022e-12, -2.46058360e+00,  4.62010753e-11,
       -1.75214813e-10, -1.83669770e-15,  8.52944060e-16,  2.29423303e-05,
       -2.04721003e-06, -1.59792834e-08,  9.98214034e-10]), array([ 0.00000000e+00, -1.45799022e-12, -2.28980078e-13,  4.62010753e-11,
       -1.75214813e-10, -1.83669770e-15,  8.52944060e-16,  2.29423303e-05,
       -2.04721003e-06, -1.59792834e-08,  9.98214034e-10]), array([ 0.00000000e+00, -1.45799022e-12, -2.28980078e-13,  4.62010753e-11,
       -1.75214813e-10, -1.83669770e-15,  8.52944060e-16,  2.29423303e-05,
       -2.04721003e-06, -1.59792834e-08,  9.98214034e-10]), array([ 0.00000000e+00, -1.45799022e-12, -2.28980078e-13,  4.62010753e-11,
       -2.52850699e+00, -1.83669770e-15,  8.52944060e-16,  2.29423303e-05,
       -2.04721003e-06, -1.59792834e-08,  9.98214034e-10]), array([ 0.00000000e+00, -1.45799022e-12, -2.28980078e-13,  4.62010753e-11,
       -1.75214813e-10, -1.83669770e-15,  8.52944060e-16,  2.29423303e-05,
       -2.04721003e-06,  5.70058128e+00,  9.98214034e-10]), array([ 0.00000000e+00, -1.45799022e-12, -2.28980078e-13,  4.62010753e-11,
       -2.52850699e+00, -1.83669770e-15,  8.52944060e-16,  2.29423303e-05,
       -2.04721003e-06, -7.95112063e+00,  9.98214034e-10]), array([ 0.00000000e+00, -1.45799022e-12, -2.28980078e-13,  4.62010753e-11,
       -1.75214813e-10, -1.83669770e-15,  8.52944060e-16,  2.29423303e-05,
       -2.04721003e-06,  9.99804337e+00,  9.98214034e-10]), array([ 0.00000000e+00, -1.45799022e-12, -2.28980078e-13,  4.62010753e-11,
       -1.75214813e-10, -1.83669770e-15,  8.52944060e-16,  2.29423303e-05,
       -2.04721003e-06,  9.99804337e+00,  9.98214034e-10])]
380467206144.0
381807315968.0
380467206144.0 [ 0.00000000e+00 -1.45799022e-12 -2.46058360e+00  4.62010753e-11
 -1.75214813e-10 -1.83669770e-15  8.52944060e-16  2.29423303e-05
 -2.04721003e-06 -1.59792834e-08  9.98214034e-10]
