[array([ 0.00000000e+00, -1.45799022e-12, -2.28980078e-13,  4.62010753e-11,
       -1.75214813e-10, -1.83669770e-15,  8.52944060e-16,  2.29423303e-05,
       -2.04721003e-06, -1.59792834e-08,  9.98214034e-10]), array([-9.3005403 , -5.3875299 , -4.76230465, -0.76203422, -9.7159018 ,
       -1.24351399,  1.77474852,  0.76725307,  5.11095167, -4.91286801,
       -0.36775861]), array([-4.34623246,  9.83981635,  5.95920439, -2.62265826,  3.77783984,
        2.27820538,  8.41756771, -4.20996887,  3.47006785, -7.25883207,
       -6.0489393 ]), array([ 7.46895152,  1.71194618,  9.52736612, -8.63564413,  4.2330839 ,
        2.59146531,  4.15352629,  6.98638725,  2.6332644 ,  7.4897113 ,
        9.65145192]), array([-9.26467717,  7.02715337, -8.79130856,  2.59327871,  8.61585547,
       -3.95991285,  5.18305973,  4.68390562, -6.14769998,  2.02566705,
       -6.92565844]), array([ 1.91624506e+00,  2.19543587e+00,  5.00501575e-01, -8.54857192e+00,
        9.31460004e+00, -4.94285788e+00, -5.90284950e+00, -2.92865277e+00,
       -4.05377353e+00, -1.25835270e-03, -7.57353104e+00]), array([-9.00234686, -4.59039041, -4.19825785, -5.55367464, -3.39337515,
        8.25164579, -0.03690589,  8.24273411,  5.5324776 , -1.15165899,
        9.33047673]), array([ 9.15528015,  3.99874371,  2.52737258, -9.64200864,  4.97828456,
        9.87562084, -0.9454674 ,  3.94023664, -2.63109331, -7.61486381,
        3.2276696 ])]
[array([-8.88856721e+00, -1.45799022e-12, -2.28980078e-13,  4.62010753e-11,
       -1.75214813e-10, -1.83669770e-15,  8.52944060e-16,  2.29423303e-05,
       -2.04721003e-06, -1.59792834e-08,  9.98214034e-10]), array([ 0.00000000e+00, -1.45799022e-12, -2.28980078e-13,  4.62010753e-11,
       -1.75214813e-10, -1.83669770e-15,  8.52944060e-16,  2.29423303e-05,
       -2.04721003e-06, -1.59792834e-08,  9.98214034e-10]), array([ 0.00000000e+00, -1.45799022e-12, -2.28980078e-13,  4.62010753e-11,
       -1.75214813e-10, -1.83669770e-15,  8.52944060e-16,  2.29423303e-05,
       -2.04721003e-06, -1.59792834e-08,  9.98214034e-10]), array([ 0.00000000e+00, -1.45799022e-12, -2.28980078e-13,  4.62010753e-11,
       -1.75214813e-10, -1.83669770e-15,  8.52944060e-16,  2.29423303e-05,
       -2.04721003e-06, -1.59792834e-08,  9.98214034e-10]), array([ 0.00000000e+00, -1.45799022e-12, -2.28980078e-13,  4.62010753e-11,
       -1.75214813e-10, -1.83669770e-15,  8.52944060e-16,  2.29423303e-05,
       -2.04721003e-06, -1.59792834e-08,  9.98214034e-10]), array([ 0.00000000e+00, -1.45799022e-12, -2.28980078e-13,  4.62010753e-11,
       -1.75214813e-10, -1.83669770e-15,  8.52944060e-16,  2.29423303e-05,
       -2.04721003e-06, -1.59792834e-08,  9.98214034e-10]), array([ 0.00000000e+00, -1.45799022e-12, -2.28980078e-13,  4.62010753e-11,
       -1.75214813e-10, -1.83669770e-15,  8.52944060e-16,  2.29423303e-05,
       -2.04721003e-06, -1.59792834e-08, -1.65784690e+00]), array([-9.3005403 , -5.3875299 , -4.76230465, -0.76203422, -9.7159018 ,
       -1.24351399,  1.77474852,  0.76725307,  5.11095167, -4.91286801,
       -0.36775861])]
[array([-8.88856721e+00, -1.45799022e-12, -2.28980078e-13,  4.62010753e-11,
       -1.75214813e-10, -1.83669770e-15,  8.52944060e-16,  2.29423303e-05,
       -2.04721003e-06, -1.59792834e-08,  9.98214034e-10]), array([ 0.00000000e+00, -1.45799022e-12, -2.28980078e-13,  4.62010753e-11,
       -1.75214813e-10, -1.83669770e-15,  8.52944060e-16,  2.29423303e-05,
       -2.04721003e-06, -1.59792834e-08,  9.98214034e-10]), array([ 0.00000000e+00, -1.45799022e-12, -2.28980078e-13,  4.62010753e-11,
       -1.75214813e-10, -1.83669770e-15,  8.52944060e-16,  2.29423303e-05,
       -2.04721003e-06, -1.59792834e-08,  9.98214034e-10]), array([ 0.00000000e+00, -1.45799022e-12, -2.28980078e-13,  4.62010753e-11,
       -1.75214813e-10, -1.83669770e-15,  8.52944060e-16,  2.29423303e-05,
       -2.04721003e-06, -1.59792834e-08,  9.98214034e-10]), array([ 0.00000000e+00, -1.45799022e-12, -2.28980078e-13,  4.62010753e-11,
       -1.75214813e-10, -1.83669770e-15,  8.52944060e-16,  2.29423303e-05,
       -2.04721003e-06, -1.59792834e-08,  9.98214034e-10]), array([-8.88856721e+00, -1.45799022e-12, -2.28980078e-13,  4.62010753e-11,
       -1.75214813e-10, -1.83669770e-15,  8.52944060e-16,  2.29423303e-05,
        5.88959999e+00, -1.59792834e-08,  9.98214034e-10]), array([-8.88856721e+00, -1.45799022e-12, -2.28980078e-13,  4.62010753e-11,
       -1.75214813e-10, -1.83669770e-15,  8.52944060e-16,  2.29423303e-05,
       -2.04721003e-06, -9.31510180e+00,  9.98214034e-10]), array([-1.58600733e+00, -1.45799022e-12, -2.28980078e-13,  4.62010753e-11,
       -1.75214813e-10, -1.83669770e-15,  8.52944060e-16,  2.29423303e-05,
       -2.04721003e-06, -1.59792834e-08, -1.65784690e+00])]
[array([-8.88856721e+00, -1.45799022e-12, -2.28980078e-13,  4.62010753e-11,
       -1.75214813e-10, -1.83669770e-15,  8.52944060e-16,  2.29423303e-05,
       -2.04721003e-06, -1.59792834e-08,  9.98214034e-10]), array([-8.88856721e+00, -1.45799022e-12, -2.28980078e-13,  4.62010753e-11,
       -1.75214813e-10, -1.83669770e-15,  8.52944060e-16,  2.29423303e-05,
       -2.04721003e-06, -1.59792834e-08,  9.98214034e-10]), array([-8.88856721e+00, -1.45799022e-12, -2.28980078e-13,  4.62010753e-11,
       -1.75214813e-10, -1.83669770e-15,  8.52944060e-16,  2.29423303e-05,
       -2.04721003e-06, -1.59792834e-08,  9.98214034e-10]), array([-8.88856721e+00, -1.45799022e-12, -2.28980078e-13,  4.62010753e-11,
       -1.75214813e-10, -1.83669770e-15,  8.52944060e-16,  2.29423303e-05,
       -2.04721003e-06, -1.59792834e-08,  9.98214034e-10]), array([-8.88856721e+00, -1.45799022e-12, -2.28980078e-13,  4.62010753e-11,
       -1.75214813e-10, -1.83669770e-15,  8.52944060e-16,  2.29423303e-05,
       -2.04721003e-06, -1.59792834e-08,  9.98214034e-10]), array([-8.88856721e+00, -1.45799022e-12, -2.28980078e-13,  4.62010753e-11,
       -1.75214813e-10, -1.83669770e-15,  8.52944060e-16,  2.29423303e-05,
       -2.04721003e-06, -1.59792834e-08,  9.98214034e-10]), array([ 0.00000000e+00, -1.45799022e-12, -2.28980078e-13,  4.62010753e-11,
       -1.75214813e-10, -1.83669770e-15,  8.52944060e-16,  2.29423303e-05,
       -2.04721003e-06, -1.59792834e-08,  9.98214034e-10]), array([-8.88856721e+00, -1.45799022e-12, -2.28980078e-13,  4.62010753e-11,
       -1.75214813e-10, -1.83669770e-15,  8.52944060e-16, -3.60318642e-01,
       -2.04721003e-06, -1.59792834e-08,  9.98214034e-10])]
[array([ 0.00000000e+00, -1.45799022e-12, -2.28980078e-13, -4.59249268e+00,
       -1.75214813e-10, -1.83669770e-15,  8.52944060e-16,  2.29423303e-05,
       -2.04721003e-06, -1.59792834e-08,  9.98214034e-10]), array([-8.88856721e+00, -1.45799022e-12, -2.28980078e-13,  4.62010753e-11,
       -1.75214813e-10, -1.83669770e-15,  8.52944060e-16,  2.29423303e-05,
       -2.04721003e-06, -1.59792834e-08,  9.98214034e-10]), array([-8.88856721e+00, -1.45799022e-12, -2.28980078e-13,  4.62010753e-11,
       -1.75214813e-10, -1.83669770e-15,  8.52944060e-16,  2.29423303e-05,
       -2.04721003e-06, -1.59792834e-08,  9.98214034e-10]), array([-8.88856721e+00, -1.45799022e-12, -2.28980078e-13,  4.62010753e-11,
       -1.75214813e-10, -1.83669770e-15,  8.52944060e-16,  2.29423303e-05,
       -2.04721003e-06, -1.59792834e-08,  9.98214034e-10]), array([-8.88856721e+00, -1.45799022e-12, -2.28980078e-13,  4.62010753e-11,
       -1.75214813e-10, -1.83669770e-15,  8.52944060e-16,  2.29423303e-05,
       -2.04721003e-06, -1.59792834e-08,  9.98214034e-10]), array([-8.88856721e+00, -1.45799022e-12, -2.28980078e-13,  4.62010753e-11,
       -1.75214813e-10, -1.83669770e-15,  8.52944060e-16,  2.29423303e-05,
       -2.04721003e-06, -1.59792834e-08,  9.98214034e-10]), array([-4.87160839e+00, -1.45799022e-12, -2.28980078e-13,  4.62010753e-11,
       -1.75214813e-10, -1.83669770e-15,  8.52944060e-16, -3.60318642e-01,
       -2.04721003e-06, -1.59792834e-08,  9.98214034e-10]), array([-8.88856721e+00, -1.45799022e-12, -2.28980078e-13,  4.62010753e-11,
       -1.75214813e-10,  6.74810335e+00,  8.52944060e-16,  2.29423303e-05,
       -2.04721003e-06, -1.59792834e-08,  9.98214034e-10])]
[array([ 0.00000000e+00, -1.45799022e-12, -2.28980078e-13, -4.59249268e+00,
       -1.75214813e-10, -1.83669770e-15,  8.52944060e-16,  2.29423303e-05,
       -2.04721003e-06, -1.59792834e-08,  9.98214034e-10]), array([-8.88856721e+00, -1.45799022e-12, -2.28980078e-13,  4.62010753e-11,
       -1.75214813e-10, -1.83669770e-15,  8.52944060e-16,  2.29423303e-05,
       -2.04721003e-06, -1.59792834e-08,  9.98214034e-10]), array([-8.88856721e+00, -1.45799022e-12, -2.28980078e-13,  4.62010753e-11,
       -1.75214813e-10, -1.83669770e-15,  8.52944060e-16,  2.29423303e-05,
       -2.04721003e-06, -1.59792834e-08,  9.98214034e-10]), array([-8.88856721e+00, -1.45799022e-12, -2.28980078e-13,  4.62010753e-11,
       -1.75214813e-10, -1.83669770e-15,  8.52944060e-16,  2.29423303e-05,
       -2.04721003e-06, -1.59792834e-08,  9.98214034e-10]), array([-8.88856721e+00, -1.45799022e-12, -2.28980078e-13,  4.62010753e-11,
       -1.75214813e-10, -1.83669770e-15,  8.52944060e-16,  2.29423303e-05,
       -2.04721003e-06, -1.59792834e-08,  9.98214034e-10]), array([-8.88856721e+00, -1.45799022e-12, -2.28980078e-13,  4.62010753e-11,
       -1.75214813e-10,  6.74810335e+00,  8.52944060e-16,  2.29423303e-05,
       -2.04721003e-06, -1.59792834e-08,  9.98214034e-10]), array([-8.88856721e+00, -1.45799022e-12, -2.28980078e-13,  4.62010753e-11,
       -1.75214813e-10,  6.74810335e+00,  8.52944060e-16,  2.29423303e-05,
       -2.04721003e-06, -1.59792834e-08,  9.98214034e-10]), array([-8.88856721e+00, -1.45799022e-12, -2.28980078e-13,  4.62010753e-11,
       -1.75214813e-10,  6.74810335e+00,  8.52944060e-16,  2.29423303e-05,
       -2.04721003e-06, -1.59792834e-08,  9.98214034e-10])]
[array([-8.88856721e+00, -1.45799022e-12, -2.28980078e-13, -2.19456891e+00,
       -1.75214813e-10, -1.83669770e-15,  8.52944060e-16,  2.29423303e-05,
       -2.04721003e-06, -1.59792834e-08,  9.98214034e-10]), array([ 0.00000000e+00, -1.45799022e-12, -2.28980078e-13, -4.59249268e+00,
       -1.75214813e-10, -1.83669770e-15,  8.52944060e-16,  2.29423303e-05,
       -2.04721003e-06, -1.59792834e-08,  9.98214034e-10]), array([-8.88856721e+00, -1.45799022e-12, -2.28980078e-13,  4.62010753e-11,
       -1.75214813e-10, -1.83669770e-15,  8.52944060e-16,  2.29423303e-05,
       -2.04721003e-06, -1.59792834e-08,  9.98214034e-10]), array([-8.88856721e+00, -1.45799022e-12, -2.28980078e-13,  4.62010753e-11,
       -1.75214813e-10, -1.83669770e-15,  8.52944060e-16,  2.29423303e-05,
       -2.04721003e-06, -1.59792834e-08,  9.98214034e-10]), array([-8.88856721e+00, -1.45799022e-12, -2.28980078e-13,  4.62010753e-11,
       -1.75214813e-10, -1.83669770e-15,  8.52944060e-16,  2.29423303e-05,
       -2.04721003e-06, -1.59792834e-08,  9.98214034e-10]), array([-8.88856721e+00, -1.45799022e-12, -2.28980078e-13,  4.62010753e-11,
       -1.75214813e-10, -1.83669770e-15,  8.52944060e-16,  2.29423303e-05,
       -2.04721003e-06, -1.59792834e-08,  9.98214034e-10]), array([-8.88856721e+00, -1.45799022e-12, -2.28980078e-13,  4.62010753e-11,
       -1.75214813e-10, -1.83669770e-15,  8.52944060e-16,  2.29423303e-05,
       -2.04721003e-06, -1.59792834e-08,  9.98214034e-10]), array([-8.88856721e+00, -1.45799022e-12, -2.28980078e-13,  4.62010753e-11,
       -1.75214813e-10,  6.74810335e+00,  8.52944060e-16,  2.29423303e-05,
       -2.04721003e-06, -1.59792834e-08,  9.98214034e-10])]
[array([ 0.00000000e+00, -1.45799022e-12, -7.06528896e-01, -2.19456891e+00,
       -1.75214813e-10, -1.83669770e-15,  8.52944060e-16,  2.29423303e-05,
       -2.04721003e-06, -1.59792834e-08,  9.98214034e-10]), array([-8.88856721e+00, -1.45799022e-12, -2.28980078e-13, -2.19456891e+00,
       -1.75214813e-10, -1.83669770e-15,  8.52944060e-16,  2.29423303e-05,
       -2.04721003e-06, -1.59792834e-08,  9.98214034e-10]), array([ 0.00000000e+00, -1.45799022e-12, -2.28980078e-13, -4.59249268e+00,
       -1.75214813e-10, -1.83669770e-15,  8.52944060e-16,  2.29423303e-05,
       -2.04721003e-06, -1.59792834e-08,  9.98214034e-10]), array([-8.88856721e+00, -1.45799022e-12, -2.28980078e-13, -4.59249268e+00,
       -1.75214813e-10, -1.83669770e-15,  8.52944060e-16,  2.29423303e-05,
       -2.04721003e-06, -1.59792834e-08,  9.98214034e-10]), array([-8.88856721e+00, -1.45799022e-12, -2.28980078e-13,  4.62010753e-11,
       -1.75214813e-10, -1.83669770e-15,  8.52944060e-16,  2.29423303e-05,
       -2.04721003e-06, -1.59792834e-08,  9.98214034e-10]), array([-8.88856721e+00, -1.45799022e-12, -2.28980078e-13,  4.62010753e-11,
       -1.75214813e-10, -1.83669770e-15,  8.52944060e-16,  2.29423303e-05,
       -2.04721003e-06, -1.59792834e-08,  9.98214034e-10]), array([-8.88856721e+00, -1.45799022e-12, -2.28980078e-13,  4.62010753e-11,
       -1.75214813e-10, -1.83669770e-15,  8.52944060e-16,  2.29423303e-05,
       -2.04721003e-06, -1.59792834e-08,  9.98214034e-10]), array([-8.88856721e+00, -1.45799022e-12, -2.28980078e-13,  4.62010753e-11,
       -1.75214813e-10,  6.74810335e+00,  8.52944060e-16,  2.29423303e-05,
       -8.18848670e+00, -1.59792834e-08,  9.98214034e-10])]
344698456064.0
381807315968.0
344698456064.0 [ 0.00000000e+00 -1.45799022e-12 -7.06528896e-01 -2.19456891e+00
 -1.75214813e-10 -1.83669770e-15  8.52944060e-16  2.29423303e-05
 -2.04721003e-06 -1.59792834e-08  9.98214034e-10]
