[array([ 0.00000000e+00, -1.45799022e-12, -2.28980078e-13,  4.62010753e-11,
       -1.75214813e-10, -1.83669770e-15,  8.52944060e-16,  2.29423303e-05,
       -2.04721003e-06, -1.59792834e-08,  9.98214034e-10]), array([ 0.00000000e+00, -2.60241414e+00, -2.28980078e-13,  9.24942885e+00,
       -7.24839694e-02, -1.83669770e-15, -3.10987703e+00, -9.40028298e+00,
       -6.82802424e-01, -1.23194376e+00,  9.98214034e-10]), array([-7.245688  , -7.84923466,  7.99485392,  1.5376428 ,  9.09924382,
       -2.3756469 , -8.62678834, -7.06689213,  3.38881957, -2.17488917,
       -9.35861836]), array([ 6.02875732, -3.1700122 , -6.24316052, -8.47202171,  6.05580888,
        4.05425927,  0.80063666, -0.60173511,  1.060309  ,  4.33945196,
       -7.48874986]), array([-5.21528784,  4.33332573, -7.91486446,  0.97561189, -4.19160699,
        5.24511446, -3.81746816, -1.01755457, -3.61885688,  2.18809651,
        9.73840339]), array([ 2.48130985, -3.49802548, -3.37296832,  8.64128381,  5.88019617,
        6.41973092, -2.89782844,  1.90265625, -9.66176945,  2.4221862 ,
       -4.24138941]), array([-3.73543699, -9.09062793, -7.75446961,  4.4711981 , -7.94891244,
       -8.27904949, -4.54573879,  6.88939765,  8.05940026,  1.89697341,
       -8.1126479 ]), array([ 9.85946318,  2.36029962,  6.40024216,  8.09445611, -8.70912434,
        8.43901751, -7.65416409,  9.76747573,  7.00726906,  7.24577115,
       -6.00686578])]
[array([ 0.00000000e+00, -3.69214856e+00, -2.28980078e-13,  4.62010753e-11,
       -1.75214813e-10, -1.83669770e-15,  8.52944060e-16,  2.29423303e-05,
       -2.04721003e-06, -1.59792834e-08,  9.98214034e-10]), array([ 0.00000000e+00, -1.45799022e-12, -2.28980078e-13,  4.62010753e-11,
       -1.75214813e-10, -1.83669770e-15,  8.52944060e-16,  2.29423303e-05,
       -2.04721003e-06, -1.59792834e-08,  9.98214034e-10]), array([ 9.85946318e+00,  2.36029962e+00,  6.40024216e+00,  4.62010753e-11,
       -1.75214813e-10, -1.83669770e-15,  8.52944060e-16,  2.29423303e-05,
       -2.04721003e-06, -1.59792834e-08,  9.98214034e-10]), array([ 0.00000000e+00, -1.45799022e-12, -2.28980078e-13,  4.62010753e-11,
       -1.75214813e-10, -1.83669770e-15,  8.52944060e-16, -1.32847798e+00,
       -2.04721003e-06, -1.59792834e-08,  9.98214034e-10]), array([ 0.00000000e+00, -2.60241414e+00, -2.28980078e-13,  9.24942885e+00,
       -7.24839694e-02, -1.83669770e-15, -3.10987703e+00, -9.40028298e+00,
       -6.82802424e-01, -1.23194376e+00,  9.98214034e-10]), array([ 0.00000000e+00, -1.45799022e-12, -2.28980078e-13,  4.62010753e-11,
       -1.75214813e-10, -1.83669770e-15,  8.52944060e-16, -8.96467565e+00,
       -2.04721003e-06,  5.40800159e-01, -6.00686578e+00]), array([ 0.00000000e+00, -1.45799022e-12, -2.28980078e-13,  8.09445611e+00,
       -8.70912434e+00,  8.43901751e+00, -7.65416409e+00,  9.76747573e+00,
        7.00726906e+00,  7.24577115e+00, -6.00686578e+00]), array([ 9.85946318e+00,  2.36029962e+00, -7.09361792e-01,  8.09445611e+00,
       -8.70912434e+00,  8.43901751e+00, -4.28017300e+00,  9.76747573e+00,
        7.00726906e+00,  7.24577115e+00,  9.98214034e-10])]
[array([ 0.00000000e+00, -3.69214856e+00, -2.28980078e-13,  4.62010753e-11,
       -1.75214813e-10, -1.83669770e-15,  8.52944060e-16,  2.29423303e-05,
       -2.04721003e-06, -1.59792834e-08,  9.98214034e-10]), array([ 0.00000000e+00, -3.69214856e+00, -2.28980078e-13,  4.62010753e-11,
       -1.75214813e-10, -1.83669770e-15,  8.52944060e-16,  2.29423303e-05,
       -2.04721003e-06, -1.59792834e-08,  9.98214034e-10]), array([ 0.00000000e+00, -1.45799022e-12, -2.28980078e-13,  4.62010753e-11,
       -1.75214813e-10, -1.83669770e-15,  8.52944060e-16,  2.29423303e-05,
       -2.04721003e-06, -1.59792834e-08,  9.98214034e-10]), array([ 0.00000000e+00, -3.69214856e+00,  9.82052357e+00,  4.62010753e-11,
       -1.75214813e-10, -1.83669770e-15,  8.52944060e-16,  2.29423303e-05,
       -2.04721003e-06, -1.59792834e-08,  9.98214034e-10]), array([ 0.00000000e+00, -3.69214856e+00, -2.28980078e-13,  4.62010753e-11,
       -7.22757184e+00, -1.83669770e-15,  8.52944060e-16,  2.29423303e-05,
       -2.04721003e-06, -1.59792834e-08,  9.98214034e-10]), array([ 0.00000000e+00, -3.69214856e+00, -2.28980078e-13,  4.62010753e-11,
       -1.75214813e-10, -1.83669770e-15,  8.52944060e-16,  2.29423303e-05,
       -2.04721003e-06, -1.59792834e-08,  5.21318402e+00]), array([ 0.00000000e+00, -3.69214856e+00, -8.20084050e+00,  4.62010753e-11,
       -1.75214813e-10, -1.83669770e-15,  8.52944060e-16,  2.29423303e-05,
       -2.04721003e-06, -1.59792834e-08,  8.65329878e+00]), array([ 0.00000000e+00, -3.69214856e+00, -2.28980078e-13,  4.62010753e-11,
       -1.75214813e-10, -5.72315300e-01,  8.52944060e-16,  2.29423303e-05,
       -2.04721003e-06, -1.59792834e-08,  9.98214034e-10])]
[array([ 0.00000000e+00, -3.69214856e+00, -2.28980078e-13, -6.68113554e-01,
       -1.75214813e-10, -1.83669770e-15,  8.52944060e-16,  2.29423303e-05,
       -2.04721003e-06, -1.59792834e-08,  9.98214034e-10]), array([ 0.00000000e+00, -3.69214856e+00, -8.00063633e+00,  4.62010753e-11,
       -1.75214813e-10, -1.83669770e-15,  8.52944060e-16,  2.29423303e-05,
       -2.04721003e-06, -1.59792834e-08,  9.98214034e-10]), array([ 0.00000000e+00, -3.69214856e+00, -2.28980078e-13,  4.62010753e-11,
       -1.75214813e-10, -1.83669770e-15,  6.32745851e+00,  2.29423303e-05,
       -2.04721003e-06, -1.59792834e-08,  9.98214034e-10]), array([ 0.00000000e+00, -3.69214856e+00, -2.28980078e-13,  4.62010753e-11,
       -1.75214813e-10, -1.83669770e-15,  8.52944060e-16,  2.29423303e-05,
       -2.04721003e-06, -1.59792834e-08,  9.98214034e-10]), array([ 0.00000000e+00, -3.69214856e+00, -2.28980078e-13,  4.62010753e-11,
       -1.75214813e-10, -1.83669770e-15,  8.52944060e-16,  2.29423303e-05,
       -2.04721003e-06, -1.59792834e-08,  9.98214034e-10]), array([ 0.00000000e+00, -3.69214856e+00, -3.84091714e+00,  4.62010753e-11,
       -1.75214813e-10, -1.83669770e-15,  8.52944060e-16, -6.57188714e+00,
       -2.04721003e-06, -1.59792834e-08,  9.98214034e-10]), array([ 0.00000000e+00,  2.58539966e+00, -2.28980078e-13,  4.62010753e-11,
       -1.75214813e-10, -1.83669770e-15,  8.52944060e-16,  2.29423303e-05,
       -3.50593925e+00, -1.59792834e-08,  9.98214034e-10]), array([ 0.00000000e+00, -3.69214856e+00, -2.28980078e-13,  4.62010753e-11,
       -1.75214813e-10,  3.41606256e+00,  8.52944060e-16,  2.29423303e-05,
       -2.04721003e-06, -1.59792834e-08,  9.98214034e-10])]
[array([ 0.00000000e+00, -3.69214856e+00, -2.28980078e-13, -6.68113554e-01,
       -1.75214813e-10, -1.83669770e-15,  9.69415291e+00,  2.29423303e-05,
       -2.04721003e-06, -1.59792834e-08,  9.98214034e-10]), array([ 0.00000000e+00, -3.69214856e+00, -2.28980078e-13, -6.68113554e-01,
       -1.75214813e-10, -1.83669770e-15,  4.64596176e+00,  2.29423303e-05,
       -2.04721003e-06, -1.59792834e-08,  9.98214034e-10]), array([-1.16546394e+00, -3.69214856e+00, -2.28980078e-13, -6.68113554e-01,
       -1.75214813e-10, -1.83669770e-15,  8.52944060e-16,  2.29423303e-05,
       -2.04721003e-06, -1.59792834e-08,  9.98214034e-10]), array([ 0.00000000e+00, -3.69214856e+00, -2.28980078e-13, -6.68113554e-01,
       -1.75214813e-10, -1.83669770e-15,  8.52944060e-16,  2.29423303e-05,
       -2.04721003e-06, -1.59792834e-08,  9.98214034e-10]), array([ 0.00000000e+00, -3.69214856e+00, -2.28980078e-13, -6.68113554e-01,
       -1.75214813e-10, -1.83669770e-15,  8.52944060e-16,  2.29423303e-05,
       -2.04721003e-06, -1.59792834e-08,  9.98214034e-10]), array([ 0.00000000e+00, -3.69214856e+00, -8.00063633e+00,  4.62010753e-11,
       -1.75214813e-10, -1.83669770e-15,  8.52944060e-16,  2.29423303e-05,
       -2.04721003e-06, -1.59792834e-08,  9.98214034e-10]), array([ 0.00000000e+00, -3.69214856e+00, -2.28980078e-13, -6.68113554e-01,
       -1.75214813e-10, -1.83669770e-15,  8.52944060e-16,  2.29776724e+00,
       -2.04721003e-06, -1.59792834e-08,  9.98214034e-10]), array([ 0.00000000e+00, -3.69214856e+00,  6.11170200e+00, -6.68113554e-01,
       -1.75214813e-10, -1.83669770e-15,  8.52944060e-16,  2.29423303e-05,
       -2.04721003e-06, -1.59792834e-08, -6.97660953e+00])]
[array([ 0.00000000e+00, -3.69214856e+00, -2.28980078e-13, -6.68113554e-01,
       -1.75214813e-10, -1.83669770e-15,  9.69415291e+00,  2.29423303e-05,
       -2.04721003e-06, -1.59792834e-08,  9.98214034e-10]), array([ 0.00000000e+00, -3.69214856e+00, -2.28980078e-13, -6.68113554e-01,
       -1.75214813e-10, -1.83669770e-15,  4.64596176e+00,  2.29423303e-05,
       -2.04721003e-06, -1.59792834e-08,  9.98214034e-10]), array([ 0.00000000e+00, -3.69214856e+00, -2.28980078e-13, -9.52528546e+00,
       -1.75214813e-10, -1.83669770e-15,  9.69415291e+00,  8.62778205e-01,
       -2.04721003e-06, -1.59792834e-08,  9.98214034e-10]), array([ 0.00000000e+00, -3.69214856e+00, -2.28980078e-13, -6.68113554e-01,
        7.39568353e+00, -1.83669770e-15, -7.57123398e+00,  2.29423303e-05,
       -2.04721003e-06,  9.03913841e-01,  9.98214034e-10]), array([ 0.00000000e+00, -3.69214856e+00, -2.28980078e-13, -6.68113554e-01,
        7.87838095e+00, -1.83669770e-15, -2.63994825e+00,  2.29423303e-05,
       -2.04721003e-06,  1.31572163e+00,  9.98214034e-10]), array([ 0.00000000e+00, -3.69214856e+00, -2.28980078e-13, -6.68113554e-01,
       -1.75214813e-10, -1.83669770e-15,  9.69415291e+00,  2.29423303e-05,
       -2.04721003e-06, -1.59792834e-08,  4.06647784e+00]), array([ 0.00000000e+00, -3.69214856e+00, -2.28980078e-13, -6.68113554e-01,
       -1.75214813e-10,  3.64182185e+00, -8.06757198e+00,  2.29423303e-05,
       -2.04721003e-06, -1.59792834e-08,  9.98214034e-10]), array([ 0.00000000e+00, -3.69214856e+00, -2.28980078e-13, -6.68113554e-01,
       -1.75214813e-10, -8.48878501e+00,  9.69415291e+00,  2.29423303e-05,
       -2.04721003e-06, -1.59792834e-08,  9.98214034e-10])]
[array([ 0.00000000e+00, -3.69214856e+00, -2.28980078e-13, -6.68113554e-01,
       -1.75214813e-10, -1.83669770e-15,  9.69415291e+00,  2.29423303e-05,
       -2.04721003e-06, -1.59792834e-08,  9.98214034e-10]), array([ 0.00000000e+00, -3.69214856e+00, -2.28980078e-13, -6.68113554e-01,
       -1.75214813e-10, -1.83669770e-15,  9.69415291e+00,  2.29423303e-05,
       -2.04721003e-06, -1.59792834e-08,  9.98214034e-10]), array([ 0.00000000e+00, -3.69214856e+00, -2.28980078e-13, -6.68113554e-01,
       -1.75214813e-10, -1.83669770e-15,  9.69415291e+00,  2.29423303e-05,
       -2.04721003e-06, -1.59792834e-08,  9.98214034e-10]), array([ 0.00000000e+00, -3.69214856e+00, -2.28980078e-13, -6.68113554e-01,
       -1.75214813e-10, -1.83669770e-15,  9.69415291e+00,  2.29423303e-05,
       -2.04721003e-06, -1.59792834e-08,  9.98214034e-10]), array([ 0.00000000e+00, -3.69214856e+00, -2.28980078e-13, -6.68113554e-01,
       -1.75214813e-10, -1.83669770e-15,  4.64596176e+00,  2.29423303e-05,
       -2.04721003e-06, -1.59792834e-08,  9.98214034e-10]), array([ 0.00000000e+00, -3.69214856e+00, -2.28980078e-13, -6.68113554e-01,
       -7.67600385e+00, -1.83669770e-15,  7.61088215e+00,  2.29423303e-05,
       -2.04721003e-06, -1.59792834e-08,  9.98214034e-10]), array([ 0.00000000e+00, -3.69214856e+00, -2.28980078e-13, -6.68113554e-01,
       -1.75214813e-10, -1.83669770e-15,  9.69415291e+00,  2.29423303e-05,
       -2.04721003e-06, -1.59792834e-08,  6.95125393e+00]), array([ 0.00000000e+00, -3.69214856e+00, -2.28980078e-13, -6.68113554e-01,
       -1.75214813e-10, -5.35657462e+00,  9.69415291e+00,  8.02027918e+00,
       -2.04721003e-06, -1.59792834e-08,  9.98214034e-10])]
[array([ 0.00000000e+00, -3.69214856e+00, -2.28980078e-13, -1.00824302e+00,
       -1.75214813e-10, -1.83669770e-15,  2.73325068e+00,  2.29423303e-05,
       -2.04721003e-06, -1.59792834e-08,  9.98214034e-10]), array([-4.04623318e+00, -3.69214856e+00, -2.28980078e-13, -4.85144966e+00,
       -1.75214813e-10, -1.83669770e-15,  9.69415291e+00,  2.29423303e-05,
       -2.04721003e-06, -1.59792834e-08,  9.98214034e-10]), array([ 0.00000000e+00, -3.69214856e+00, -2.28980078e-13, -6.68113554e-01,
       -1.75214813e-10, -1.83669770e-15,  9.69415291e+00,  2.29423303e-05,
       -2.04721003e-06, -1.59792834e-08,  9.98214034e-10]), array([ 0.00000000e+00, -3.69214856e+00, -2.28980078e-13, -6.68113554e-01,
       -1.75214813e-10, -1.83669770e-15,  9.69415291e+00,  2.29423303e-05,
       -2.04721003e-06, -1.59792834e-08,  9.98214034e-10]), array([ 0.00000000e+00, -3.69214856e+00, -2.28980078e-13,  3.07434914e+00,
       -1.75214813e-10, -1.83669770e-15,  9.69415291e+00, -7.65709994e+00,
       -2.04721003e-06, -1.59792834e-08,  9.98214034e-10]), array([ 0.00000000e+00, -3.69214856e+00, -2.28980078e-13, -6.68113554e-01,
       -1.75214813e-10, -1.83669770e-15,  9.69415291e+00,  2.29423303e-05,
       -3.61645863e+00, -1.59792834e-08,  9.98214034e-10]), array([ 1.10255097e+00, -3.69214856e+00, -2.28980078e-13, -6.68113554e-01,
       -1.75214813e-10, -1.83669770e-15,  9.69415291e+00,  2.29423303e-05,
       -2.04721003e-06, -1.59792834e-08, -1.23892995e+00]), array([ 0.00000000e+00, -3.69214856e+00, -2.28980078e-13, -6.68113554e-01,
       -1.75214813e-10, -1.83669770e-15,  9.69415291e+00, -6.53455331e+00,
       -2.04721003e-06, -1.59792834e-08, -7.78885792e+00])]
359183193088.0
381807315968.0
343841643520.0
[0.0, -1.45799022e-12, -6.45215453, -2.18641775, -1.75214813e-10, -1.8366977e-15, 8.5294406e-16, 2.29423303e-05, -2.04721003e-06, -1.59792834e-08, 9.98214034e-10]
